generation,N_shifts,logPrior,logLik,eventRate,acceptRate
0,0,1.63785,-931.696,1,0
10000,0,1.90304,-799.678,0.0917198,0.440667
20000,2,0.551894,-786.797,1.80714,0.4488
30000,1,2.99954,-785.914,0.576297,0.485
40000,1,1.7288,-789.158,0.276778,0.4584
50000,2,1.27313,-777.912,1.46111,0.468333
60000,3,2.29405,-784.691,1.02798,0.49
70000,2,2.51152,-773.109,0.490621,0.468
80000,4,-9.42184,-771.686,3.25905,0.438
90000,5,-2.14554,-769.039,6.86438,0.462
100000,2,2.33315,-775.778,1.03736,0.49
110000,2,4.5357,-778.775,0.989019,0.476
120000,3,4.7343,-773.546,1.90429,0.4675
130000,2,-0.595045,-770.152,1.44732,0.445667
140000,3,1.28057,-767.794,3.10804,0.450333
150000,2,2.47859,-774.357,0.883227,0.453706
160000,3,0.54467,-762.986,1.77434,0.414
170000,4,-2.60473,-772.169,4.15144,0.46325
180000,2,-0.701536,-769.972,1.59964,0.455545
190000,2,3.0195,-771.145,0.875167,0.476
200000,3,1.02696,-767.124,1.45986,0.44
210000,3,2.02867,-768.067,1.69828,0.487
220000,3,-6.0011,-766.035,1.83558,0.443
230000,2,0.669236,-769.023,0.998021,0.494
240000,2,-0.625475,-779.356,2.01944,0.454667
250000,1,1.3053,-788.195,0.342416,0.47
260000,3,-0.575347,-764.81,2.31725,0.444
270000,4,6.77488,-776.49,2.25808,0.492
280000,1,-1.9284,-785.127,0.636288,0.466733
290000,1,1.63883,-785.992,0.249799,0.4615
300000,2,2.59676,-774.315,0.525617,0.468143
310000,2,2.09386,-770.348,1.03736,0.495
320000,4,2.64251,-766.327,4.21769,0.493
330000,4,6.52438,-771.895,1.05702,0.439111
340000,3,2.15128,-771.518,1.66455,0.4344
350000,5,0.0907788,-767.061,2.94817,0.497
360000,3,3.42538,-765.206,0.812207,0.478
370000,4,-0.16274,-767.532,2.42689,0.4876
380000,3,2.08782,-764.765,0.581748,0.463
390000,2,3.56665,-772.391,0.915694,0.419
400000,3,1.84197,-766.556,1.7711,0.494
410000,2,1.94743,-769.353,1.21438,0.433
420000,3,4.61936,-766.616,0.545084,0.486
430000,6,4.27734,-767.905,1.38136,0.495
440000,2,4.80246,-777.9,0.941335,0.458
450000,2,0.777727,-769.784,2.18842,0.46
460000,4,0.0751843,-765.771,3.64232,0.4145
470000,3,-1.31325,-762.231,2.84402,0.459
480000,3,-0.976709,-768.483,1.76804,0.439
490000,2,0.592315,-776.496,0.6646,0.460571
500000,3,0.093215,-775.364,1.95108,0.465333
510000,5,8.24951,-771.31,3.16172,0.497
520000,2,-3.37315,-771.187,1.06042,0.479
530000,2,5.08894,-774.915,0.586116,0.477692
540000,3,0.572031,-767.946,2.47214,0.465
550000,2,0.344058,-773.598,1.04527,0.482
560000,3,4.74807,-768.354,1.36415,0.481143
570000,2,0.0784504,-777.758,1.14634,0.454
580000,2,2.1207,-770.68,1.23476,0.432
590000,3,2.39925,-772.597,1.21356,0.439
600000,4,2.36629,-767.941,3.29296,0.484
610000,2,0.775722,-771.186,2.10279,0.485333
620000,2,2.85841,-774.115,1.72941,0.4195
630000,2,1.07419,-769.045,1.92391,0.44
640000,3,4.03031,-774.133,2.04776,0.471375
650000,2,-1.18462,-774.954,3.92642,0.462545
660000,3,-1.07941,-764.496,2.55415,0.483
670000,3,-0.898856,-767.062,3.31905,0.460667
680000,4,3.16099,-776.867,2.5128,0.457182
690000,4,2.88493,-771.259,2.25401,0.457364
700000,3,-3.98052,-770.277,2.93528,0.451167
710000,4,1.87975,-764.992,2.49135,0.475
720000,2,1.00567,-775.937,0.243041,0.466286
730000,4,4.40062,-780.851,2.32237,0.487
740000,2,-3.27701,-770.951,2.94596,0.453
750000,2,-0.494346,-773.718,1.58661,0.413
760000,3,3.78354,-773.809,0.695558,0.475
770000,6,0.458356,-769.406,2.30803,0.467778
780000,3,1.45419,-767.726,0.58715,0.46
790000,2,2.14542,-768.134,1.2032,0.457
800000,2,0.737403,-780.804,1.64339,0.434667
810000,2,-1.23391,-765.048,1.46028,0.448
820000,5,-2.35163,-771.43,2.73816,0.436
830000,4,-1.4438,-763.091,2.14346,0.441
840000,3,2.23653,-772.843,1.92051,0.462
850000,4,-0.392332,-769.088,4.77649,0.466
860000,2,2.81076,-771.184,1.39272,0.479
870000,1,2.99921,-787.01,0.362628,0.453
880000,5,1.73185,-767.691,3.50811,0.453
890000,5,2.90836,-766.424,3.5128,0.4512
900000,2,0.83079,-780.401,0.987122,0.449
910000,3,1.42565,-776.867,2.274,0.473
920000,2,2.56773,-773.89,1.23697,0.455
930000,5,1.821,-771.333,3.69829,0.4915
940000,2,1.47177,-783.787,0.972122,0.46
950000,1,-1.26231,-782.78,0.399819,0.461
960000,2,3.91002,-779.526,1.24042,0.419
970000,1,2.75624,-781.691,0.364096,0.4648
980000,3,0.82568,-766.052,1.79738,0.475
990000,2,0.544274,-770.029,2.01452,0.481
1000000,3,3.66566,-767.156,1.03914,0.43
1010000,2,3.24202,-778.889,1.37878,0.4742
1020000,2,-0.73149,-775.245,2.23536,0.4235
1030000,2,0.558514,-769.726,2.1202,0.429333
1040000,1,-0.66806,-793.287,1.24158,0.4744
1050000,2,-1.17502,-769.925,2.74733,0.464167
1060000,3,0.45887,-766.152,1.45612,0.42025
1070000,3,0.423257,-779.379,0.537113,0.45085
1080000,2,1.65397,-773.067,0.826163,0.4645
1090000,2,1.8609,-771.381,2.43023,0.438
1100000,3,2.02532,-776.484,0.858266,0.44925
1110000,5,5.53544,-764.942,3.13208,0.48325
1120000,2,0.249785,-771.166,1.23016,0.41
1130000,7,4.91837,-759.579,5.6612,0.488
1140000,3,3.60845,-763.722,2.81818,0.436
1150000,3,0.65061,-762.649,1.73199,0.466
1160000,2,1.27372,-778.542,2.35777,0.445
1170000,5,6.82883,-769.828,2.28715,0.46
1180000,3,-12.8185,-766.777,1.55131,0.439
1190000,4,-2.07683,-762.724,1.20755,0.463
1200000,3,2.44281,-770.794,3.51441,0.484
1210000,4,3.01077,-767.04,2.54221,0.4364
1220000,2,2.52405,-784.769,3.32526,0.435
1230000,5,-1.62956,-761.737,2.94953,0.521
1240000,4,-3.48581,-760.654,3.36647,0.463067
1250000,3,0.499988,-776.072,1.19563,0.429
1260000,2,-1.97642,-772.258,1.11354,0.384
1270000,2,0.984363,-766.489,0.639912,0.414
1280000,2,1.83301,-774.523,0.639439,0.438
1290000,2,3.7314,-773.549,1.22212,0.415
1300000,2,1.98046,-774.159,1.84881,0.461
1310000,2,2.3591,-773.91,0.344258,0.457833
1320000,2,-1.96364,-772.859,1.25255,0.448
1330000,2,1.67061,-766.906,0.783425,0.473882
1340000,3,2.55255,-774.077,0.841919,0.457
1350000,2,-2.69609,-769.674,1.24308,0.447
1360000,3,-1.04357,-774.23,3.38717,0.461667
1370000,3,2.26371,-779.094,1.50704,0.446
1380000,1,0.780225,-783.622,0.39525,0.441636
1390000,3,3.51058,-771.851,2.76908,0.48
1400000,2,1.54856,-775.472,1.20241,0.432
1410000,3,-2.09836,-776.349,3.19125,0.463
1420000,2,0.629098,-768.411,1.23433,0.426
1430000,2,-0.152205,-770.893,0.283494,0.485
1440000,3,0.51686,-770.055,3.69552,0.443
1450000,3,-3.2359,-769.31,3.00129,0.454167
1460000,2,0.241373,-769.824,2.8196,0.452444
1470000,2,2.03561,-775.116,2.04507,0.45
1480000,3,-0.751877,-768.646,1.85263,0.435
1490000,2,3.83225,-779.633,0.376684,0.499
1500000,2,1.03427,-775.236,1.06858,0.42525
1510000,2,3.87142,-769.718,0.183608,0.387
1520000,2,1.72308,-772.312,0.65438,0.454
1530000,3,3.15632,-776.503,1.93374,0.4492
1540000,4,3.04036,-770.104,2.54362,0.466
1550000,4,2.63171,-770.148,1.71438,0.45
1560000,3,2.62174,-764.901,1.38217,0.47425
1570000,2,-2.79942,-769.403,2.45334,0.505
1580000,2,-1.07162,-773.221,1.01802,0.47
1590000,4,3.24514,-764.155,2.38149,0.463
1600000,3,2.68557,-771.055,0.908696,0.445
1610000,5,5.47509,-765.171,2.79816,0.501
1620000,2,5.0422,-779.133,1.22497,0.48075
1630000,2,-2.80324,-773.988,1.91618,0.458
1640000,2,3.67866,-774.589,1.16536,0.45
1650000,4,0.741327,-763.937,2.59587,0.4505
1660000,3,-0.963227,-770.754,1.98805,0.436
1670000,2,2.96013,-774.779,0.893831,0.45
1680000,2,-0.0516322,-766.87,1.25273,0.436
1690000,2,1.0364,-769.033,1.61675,0.481
1700000,2,1.67999,-769.261,0.856191,0.446
1710000,2,0.0498341,-777.804,4.0852,0.457333
1720000,3,-6.53565,-763.72,3.6625,0.426
1730000,3,-1.06236,-766.844,2.36648,0.4675
1740000,3,-1.91694,-762.389,0.671742,0.4775
1750000,2,-2.1887,-772.178,3.78233,0.4612
1760000,4,1.09241,-769.621,2.76627,0.468
1770000,2,-2.96513,-769.453,0.330533,0.4415
1780000,2,0.41421,-772.962,1.87328,0.462038
1790000,2,2.66238,-773.336,0.841962,0.436
1800000,2,5.0225,-776.531,1.17741,0.454
1810000,4,1.27508,-769.061,3.25986,0.47425
1820000,2,1.75846,-774.922,1.1452,0.4705
1830000,3,3.01848,-763.828,2.29396,0.446
1840000,3,3.98008,-778.75,1.63292,0.47
1850000,3,1.63653,-764.323,3.0414,0.476
1860000,4,0.230803,-766.521,1.78384,0.464
1870000,4,-0.749031,-765.524,1.91843,0.435
1880000,4,-3.36762,-763.789,2.64392,0.419
1890000,3,2.59757,-775.678,0.738738,0.44
1900000,3,4.05554,-762.87,0.926078,0.468
1910000,4,-2.24643,-764.692,1.51374,0.419
1920000,5,-5.44173,-775.263,2.89547,0.466
1930000,2,1.11603,-774.977,1.20238,0.4665
1940000,2,0.683194,-778.129,1.98245,0.437
1950000,2,-1.34861,-776.179,1.95157,0.424333
1960000,2,1.71084,-769.684,0.547227,0.427
1970000,2,4.09029,-769.83,0.747978,0.453313
1980000,4,3.96531,-774.811,3.51674,0.454875
1990000,2,-0.798322,-774.548,1.62289,0.463273
2000000,2,1.49567,-775.036,2.2805,0.404
2010000,5,4.25655,-768.728,2.97555,0.462333
2020000,5,-6.05345,-766.819,1.73343,0.479
2030000,2,0.917721,-775.199,0.855512,0.437
2040000,2,-1.13723,-772.536,1.06631,0.394
2050000,5,-0.593244,-761.634,2.94985,0.474
2060000,2,3.10528,-773.233,0.629932,0.465
2070000,3,3.38009,-768.305,0.80246,0.429
2080000,4,2.74266,-767.034,1.98656,0.439
2090000,2,1.25234,-768.66,2.24341,0.44
2100000,2,2.88909,-771.788,2.36993,0.449667
2110000,3,2.18407,-771.638,2.4487,0.445667
2120000,2,-2.40466,-767.867,1.09093,0.450769
2130000,2,3.35133,-776.453,0.529518,0.436
2140000,3,2.04824,-766.961,0.432487,0.434
2150000,6,8.85316,-777.728,1.50474,0.494
2160000,3,0.0945901,-767.093,1.53565,0.4375
2170000,2,-0.990826,-772.543,0.49465,0.454
2180000,2,0.397878,-771.828,0.759004,0.437714
2190000,2,0.214161,-773.447,1.20097,0.432
2200000,2,1.33355,-772.486,2.11064,0.487
2210000,2,3.07077,-786.256,2.02458,0.47
2220000,3,2.79693,-768.713,0.932432,0.4655
2230000,2,1.46109,-771.566,1.35378,0.459062
2240000,2,4.36309,-769.204,0.324874,0.457091
2250000,2,2.3546,-773.822,0.773423,0.483
2260000,3,-4.0701,-773.34,2.4936,0.468
2270000,2,0.0450907,-771.014,2.52587,0.434
2280000,3,-5.17579,-764.266,2.77373,0.464
2290000,4,-3.51658,-762.487,2.40711,0.399
2300000,2,2.19726,-781.872,2.54741,0.4295
2310000,1,3.04784,-786.13,0.321918,0.465
2320000,2,-1.21788,-772.224,0.503329,0.427
2330000,2,-1.4662,-775.761,1.63323,0.436667
2340000,2,-0.714731,-774.561,1.79469,0.4298
2350000,4,4.02369,-786.292,4.00829,0.457714
2360000,3,2.6776,-775.735,1.13279,0.497
2370000,3,-1.73617,-765.527,1.12436,0.462
2380000,3,2.11762,-764.35,3.92187,0.464
2390000,4,-0.653545,-772.494,2.01626,0.462
2400000,2,-0.892281,-773.64,1.28755,0.4402
2410000,2,4.62002,-773.017,1.06664,0.474
2420000,3,2.41609,-774.536,1.23324,0.4688
2430000,1,3.32403,-786.641,0.806637,0.454545
2440000,2,2.53834,-780.841,2.29527,0.459
2450000,2,-1.89224,-771.77,1.07254,0.427
2460000,4,0.255882,-768.627,1.2048,0.456053
2470000,3,4.15279,-769.364,2.26017,0.457
2480000,2,0.473235,-769.189,3.40595,0.427
2490000,3,4.57799,-772.178,1.69813,0.49575
2500000,2,-0.463555,-779.574,1.09643,0.464
2510000,3,0.65864,-772.419,3.27613,0.462692
2520000,4,2.76354,-770.658,2.76244,0.49
2530000,2,0.134157,-770.622,1.23718,0.395
2540000,2,-0.172443,-769.232,2.08919,0.432
2550000,2,2.85132,-771.552,0.975751,0.448
2560000,4,3.43325,-763.255,4.1036,0.494
2570000,3,-0.0110297,-774.345,4.26436,0.458143
2580000,3,2.54189,-772.172,1.844,0.437
2590000,2,2.85819,-773.302,1.20394,0.434667
2600000,2,-3.38646,-773.054,1.15376,0.443
2610000,2,1.54926,-774.991,2.33617,0.459667
2620000,3,1.66106,-779.316,3.42866,0.416
2630000,2,-0.983555,-771.569,0.813545,0.423667
2640000,2,3.87508,-776.035,1.68329,0.476
2650000,2,2.99825,-776.18,0.755905,0.4635
2660000,2,-0.994591,-772.58,1.83612,0.446727
2670000,3,0.302086,-764.133,1.42962,0.467
2680000,4,-4.61953,-766.603,1.97173,0.508
2690000,2,-0.8682,-768.426,1.80559,0.46
2700000,3,-1.76328,-774.518,0.795782,0.450583
2710000,2,4.17769,-772.447,1.08428,0.4342
2720000,3,2.25727,-772.597,0.710376,0.435
2730000,3,-1.50426,-763.7,0.974511,0.4175
2740000,3,-2.20175,-767.55,2.37049,0.435
2750000,2,-0.0683956,-770.572,0.486931,0.458667
2760000,2,-3.99757,-770.469,1.42432,0.416
2770000,4,-1.03765,-770.257,3.56952,0.474
2780000,2,1.54683,-772.828,0.578874,0.456
2790000,3,-7.06324,-768.764,3.72477,0.450333
2800000,3,0.913588,-770.799,2.49724,0.473
2810000,2,3.79389,-774.32,0.745058,0.4744
2820000,3,-1.21981,-763.999,2.92923,0.502
2830000,2,-2.81007,-770.558,2.25101,0.456071
2840000,2,2.93066,-774.152,0.418823,0.445
2850000,1,3.03461,-786.486,0.480049,0.469636
2860000,2,2.49559,-778.986,2.32128,0.461714
2870000,2,4.55327,-771.546,1.14543,0.42
2880000,4,0.11125,-768.196,1.53964,0.48
2890000,5,2.10833,-770.687,4.72927,0.476211
2900000,2,1.10185,-780.193,0.546486,0.475636
2910000,2,2.8803,-772.257,1.59993,0.449
2920000,4,4.10752,-769.119,1.86152,0.481
2930000,2,2.90752,-772.706,1.71984,0.45025
2940000,2,2.78606,-773.574,1.68272,0.454778
2950000,3,2.67496,-776.548,1.86957,0.498
2960000,2,3.10508,-773.736,0.816836,0.428
2970000,3,1.6242,-767.937,1.37336,0.448
2980000,3,2.95454,-771.702,0.946641,0.452875
2990000,5,3.60548,-765.782,2.267,0.4595
3000000,1,-3.78535,-785.336,0.87663,0.453167
3010000,2,-1.33228,-769.988,1.23457,0.477
3020000,3,6.26155,-769.817,0.99763,0.477667
3030000,3,-3.47873,-771.928,1.18479,0.409
3040000,3,1.04643,-766.291,3.34148,0.464667
3050000,3,2.61559,-766.592,1.32769,0.474
3060000,3,-0.634016,-764.046,3.15913,0.4525
3070000,3,-1.30117,-771.63,1.21556,0.468
3080000,5,-2.66857,-768.793,2.5301,0.4604
3090000,2,-0.0980072,-771.821,2.10531,0.441
3100000,3,4.19765,-772.003,0.935259,0.458167
3110000,2,2.93485,-773.817,0.11649,0.463429
3120000,2,0.573505,-770.958,0.841948,0.4314
3130000,2,4.59736,-770.903,0.613618,0.4455
3140000,4,1.96802,-770.651,3.28725,0.455
3150000,2,0.504776,-769.968,1.59859,0.432
3160000,2,2.13858,-775.301,1.64096,0.486
3170000,2,3.96952,-771.35,0.820411,0.496
3180000,2,-0.274415,-770.293,2.31873,0.454
3190000,2,2.35928,-771.932,1.60703,0.422
3200000,3,3.01375,-766.151,1.04549,0.487
3210000,2,3.66457,-780.504,1.07693,0.459
3220000,4,4.83732,-767.403,1.26047,0.4945
3230000,2,-5.03651,-766.92,1.01301,0.464
3240000,4,-0.40599,-769.734,5.22914,0.464
3250000,3,5.7245,-771.169,0.651728,0.435
3260000,2,1.26236,-768.365,1.49627,0.475333
3270000,4,4.40533,-780.005,1.89904,0.486
3280000,2,0.805157,-781.066,1.02134,0.487
3290000,4,-0.0027023,-770.029,3.83688,0.444
3300000,2,-3.8813,-766.952,2.33096,0.432333
3310000,3,2.02957,-766.725,1.04221,0.476
3320000,4,5.20677,-766.734,1.8128,0.481
3330000,2,2.90854,-776.315,0.447199,0.4545
3340000,5,-3.07237,-774.959,3.52644,0.438
3350000,1,1.99989,-784.407,0.405189,0.465
3360000,2,-4.37341,-769.291,2.41641,0.49
3370000,1,0.801831,-789.556,0.428973,0.431
3380000,3,0.139943,-769.866,2.83232,0.474
3390000,3,1.64825,-776.082,1.09168,0.457
3400000,3,3.39133,-771.944,1.14701,0.444
3410000,2,0.781745,-766.767,0.502749,0.444286
3420000,3,-1.3994,-764.041,1.45423,0.468
3430000,3,-2.69699,-765.875,0.715373,0.446333
3440000,3,2.5256,-770.09,1.72435,0.468
3450000,3,3.97192,-769.815,1.99495,0.504
3460000,3,2.53295,-767.57,2.00775,0.494
3470000,1,-1.83208,-785.502,2.79658,0.436
3480000,3,-4.20659,-764.794,1.84484,0.432
3490000,1,2.00866,-786.413,1.27859,0.411
3500000,4,2.62976,-770.914,2.01122,0.451
3510000,3,0.996726,-770.255,2.03971,0.481
3520000,2,0.825454,-769.728,0.708124,0.434
3530000,2,0.137901,-774.848,1.69463,0.469
3540000,2,2.13214,-776.025,2.05561,0.492
3550000,2,0.680531,-769.635,1.34042,0.42
3560000,3,3.06443,-766.498,3.03646,0.388
3570000,3,0.265207,-774.086,1.35428,0.475
3580000,2,-0.358734,-768.692,0.821016,0.4552
3590000,2,1.16818,-775.7,0.600823,0.451941
3600000,3,0.599661,-772.142,3.45269,0.445875
3610000,2,2.78143,-767.774,0.52206,0.447
3620000,3,4.79409,-763.868,1.18075,0.466
3630000,4,2.84529,-767.714,4.02283,0.489
3640000,2,1.84867,-772.846,0.429098,0.446
3650000,3,3.9546,-766.255,2.00143,0.4635
3660000,2,-3.58928,-768.143,2.62808,0.404
3670000,3,2.34785,-765.541,2.18809,0.456
3680000,2,-2.86655,-766.173,0.474971,0.432
3690000,3,0.427086,-763.35,2.53764,0.466
3700000,4,-0.386983,-762.3,2.37536,0.461
3710000,3,0.991664,-762.366,2.07509,0.485
3720000,2,2.6411,-771.63,1.16799,0.46425
3730000,4,6.46031,-765.968,1.9798,0.507
3740000,4,3.98697,-769.179,3.4519,0.457857
3750000,2,2.76066,-778.684,1.86785,0.471
3760000,3,-4.13929,-767.65,1.01628,0.448
3770000,2,-2.23909,-770.312,2.43045,0.428
3780000,5,-6.42612,-767.383,2.83578,0.47175
3790000,3,3.49188,-765.612,1.45119,0.473636
3800000,2,0.689167,-771.014,1.83233,0.424
3810000,2,3.7974,-773.911,2.02862,0.458
3820000,4,1.76421,-766.931,1.31624,0.462067
3830000,4,0.915229,-771.125,1.98647,0.45175
3840000,3,0.0315828,-765.389,2.39605,0.4615
3850000,2,-5.62736,-773.709,1.87455,0.447
3860000,2,-4.28767,-771.939,0.701454,0.449
3870000,3,-1.1163,-777.112,1.57468,0.4605
3880000,5,3.46785,-770.469,2.69171,0.453364
3890000,2,1.53162,-775.317,2.26598,0.456
3900000,2,1.45007,-777.745,1.9587,0.443667
3910000,3,-0.324378,-773.152,1.58594,0.476
3920000,2,3.98805,-775.464,0.765112,0.4685
3930000,2,-2.93074,-766.851,1.76614,0.447
3940000,4,-5.86909,-765.928,1.37185,0.438
3950000,4,0.628238,-762.468,2.16397,0.409333
3960000,2,1.2893,-775.149,3.36127,0.456
3970000,3,-5.04853,-765.966,4.07789,0.475
3980000,2,3.02443,-770.248,1.05801,0.456
3990000,2,1.88253,-780.421,0.309696,0.497
4000000,4,1.72911,-764.064,3.63837,0.487
4010000,3,3.74126,-769.656,2.88537,0.4746
4020000,3,4.99551,-779.154,0.762995,0.4834
4030000,2,1.87992,-786.385,0.579687,0.473
4040000,3,1.90754,-774.158,2.42256,0.44
4050000,2,2.8665,-782.499,1.99616,0.466
4060000,3,-0.262805,-774.193,2.68944,0.46275
4070000,2,-4.41493,-767.877,1.28026,0.475
4080000,2,-2.12491,-775.502,4.19681,0.489
4090000,3,0.0254989,-775.795,3.34054,0.454556
4100000,3,3.9804,-772.735,1.92456,0.495
4110000,3,-2.75265,-763.04,3.414,0.47
4120000,2,3.14403,-770.967,0.916297,0.459
4130000,2,2.38379,-775.79,2.93121,0.469
4140000,2,2.48556,-774.467,1.43046,0.479
4150000,2,-0.680437,-777.148,2.08249,0.422
4160000,2,3.64255,-768.902,0.237021,0.458
4170000,3,4.70941,-768.776,1.12126,0.454125
4180000,2,-4.12052,-770.682,2.18925,0.41
4190000,3,-3.80974,-768.983,1.53219,0.439667
4200000,2,2.89728,-771.289,0.450463,0.46925
4210000,4,4.9891,-778.562,1.13974,0.472333
4220000,2,-1.62766,-770.654,1.68182,0.4586
4230000,3,-0.591663,-775.025,0.950285,0.4555
4240000,3,3.54162,-774.735,1.84797,0.4573
4250000,3,3.56937,-766.366,2.60507,0.427
4260000,3,5.64841,-774.669,0.756895,0.465667
4270000,4,2.66621,-767.996,2.18852,0.4495
4280000,3,-1.28344,-767.575,3.98412,0.443
4290000,3,1.9434,-778.502,2.16729,0.46
4300000,3,1.25268,-770.621,0.799336,0.408
4310000,3,-0.0546191,-771.017,2.96727,0.399
4320000,3,-2.13439,-767.775,1.53891,0.443
4330000,3,-0.0784947,-772.342,2.88992,0.492
4340000,3,3.5059,-771.929,2.14127,0.4955
4350000,2,1.70867,-773.725,1.93679,0.431
4360000,3,-1.42461,-767.577,1.06059,0.4535
4370000,2,1.29675,-770.958,0.487988,0.452
4380000,3,-0.0926002,-769.206,1.61779,0.493
4390000,2,-3.02724,-767.458,2.02463,0.421
4400000,2,-0.736188,-766.555,0.837993,0.451667
4410000,4,4.95519,-772.975,1.05625,0.45
4420000,4,-4.29488,-764.548,5.35133,0.464
4430000,4,5.95047,-769.874,2.5339,0.479
4440000,2,2.63756,-775.328,2.13452,0.459
4450000,4,3.10169,-771.427,3.29425,0.465333
4460000,2,2.27999,-767.759,0.835953,0.462
4470000,2,-3.32893,-776.263,0.420436,0.439
4480000,2,0.6818,-775.933,1.79749,0.4495
4490000,4,0.864314,-773.369,0.708353,0.484
4500000,3,-1.03302,-765.696,2.33343,0.463
4510000,3,3.59196,-772.81,0.583385,0.483
4520000,4,3.87696,-774.038,1.0922,0.451667
4530000,3,0.723385,-770.003,2.49321,0.506
4540000,2,-2.91262,-781.455,3.71424,0.46
4550000,4,-3.50393,-766.15,1.219,0.467
4560000,2,1.39258,-771.312,2.37084,0.4529
4570000,1,2.621,-784.157,0.626914,0.455
4580000,2,-0.935342,-771.438,3.10008,0.462833
4590000,4,1.5115,-767.868,4.55303,0.497
4600000,4,0.530495,-783.515,0.966657,0.472
4610000,3,-1.62484,-768.107,0.778889,0.452
4620000,4,-1.13993,-772.358,2.09223,0.452667
4630000,4,1.30672,-776.945,1.24608,0.46275
4640000,2,4.89106,-777.216,0.787807,0.465
4650000,5,4.30063,-769.584,1.95176,0.479
4660000,4,2.06713,-772.026,3.9988,0.45025
4670000,2,2.69892,-775.228,1.01753,0.454
4680000,3,-0.636315,-770.924,3.16274,0.45825
4690000,4,0.0548306,-764.749,2.05217,0.4655
4700000,3,3.65598,-775.96,0.996598,0.450833
4710000,3,2.14334,-769.44,2.17727,0.464
4720000,3,1.59342,-765.323,1.666,0.464
4730000,2,2.33845,-773.621,0.641936,0.423
4740000,3,-0.319536,-770.242,3.19059,0.46
4750000,3,0.157902,-775.271,2.40715,0.469
4760000,5,-1.4457,-766.968,6.21951,0.46
4770000,2,-5.24177,-773.267,4.04395,0.478
4780000,3,0.779692,-776.306,1.77159,0.4555
4790000,2,1.34855,-770.398,2.10035,0.473
4800000,4,4.45989,-763.478,1.19433,0.452222
4810000,2,2.08184,-778.529,0.537214,0.4516
4820000,3,0.93058,-773.81,1.82662,0.458
4830000,2,2.21391,-775.283,2.63041,0.424
4840000,4,2.11716,-767.89,1.33241,0.487
4850000,3,3.98326,-769.232,1.5032,0.45895
4860000,3,5.22331,-769.033,0.635258,0.481
4870000,2,0.328293,-779.328,1.85265,0.425
4880000,3,1.74956,-771.525,2.26032,0.458636
4890000,4,1.10039,-763.233,2.62568,0.45775
4900000,2,0.133148,-769.887,1.32881,0.444
4910000,5,2.03215,-774.208,1.67962,0.45
4920000,3,1.77529,-781.243,0.895409,0.509
4930000,4,0.839034,-762.251,3.13732,0.4655
4940000,2,0.164172,-769.862,1.09493,0.446
4950000,2,1.12255,-772.522,1.66445,0.4475
4960000,4,-2.00616,-764.423,1.31166,0.456167
4970000,2,1.58298,-772.405,1.62961,0.454
4980000,3,2.89117,-777.637,1.44519,0.45775
4990000,2,1.30045,-770.711,0.872383,0.44
5000000,2,0.70881,-774.714,0.232271,0.457
5010000,2,-2.84734,-769.546,1.79562,0.461
5020000,1,2.43653,-784.683,1.14295,0.47
5030000,3,-3.23044,-770.824,4.50178,0.468
5040000,3,2.1684,-769.934,1.02824,0.467571
5050000,2,-2.57448,-781.605,1.71447,0.453333
5060000,2,-1.95271,-767.235,2.79893,0.443
5070000,1,-0.185038,-784.421,2.60552,0.409
5080000,4,-4.80469,-765.247,0.993115,0.488
5090000,4,4.49443,-765.031,1.68247,0.473167
5100000,5,5.37714,-781.73,1.18574,0.527
5110000,2,-1.80859,-772.132,0.631095,0.471
5120000,3,-0.0128505,-770.697,2.38208,0.427
5130000,2,2.63008,-775.871,2.52589,0.4745
5140000,2,1.84833,-770.014,2.7708,0.419
5150000,4,-3.37404,-769.852,6.52894,0.459
5160000,3,0.713066,-769.829,3.71756,0.449125
5170000,3,1.8805,-772.664,4.09123,0.424
5180000,3,-5.2505,-762.573,6.12589,0.4591
5190000,2,4.80601,-778.413,0.388086,0.443
5200000,3,0.915931,-766.883,2.23051,0.46
5210000,3,2.75056,-769.605,2.0363,0.4586
5220000,3,3.97077,-771.324,1.79716,0.4691
5230000,5,-1.95805,-767.544,4.58679,0.425
5240000,1,2.30447,-784.696,0.120399,0.456
5250000,2,4.52994,-776.843,0.825845,0.468
5260000,2,2.29886,-784.671,0.919124,0.46
5270000,2,-0.659231,-785.019,1.95063,0.416
5280000,3,0.938171,-768.781,1.19042,0.528
5290000,6,-5.21146,-764.617,3.4063,0.46
5300000,1,0.580008,-792.159,1.59079,0.480909
5310000,4,4.60044,-765.251,2.01635,0.461
5320000,2,1.36754,-769.763,2.14273,0.4495
5330000,2,0.124645,-771.42,0.995292,0.44
5340000,3,-0.102627,-771.279,2.839,0.449
5350000,3,-1.82054,-760.62,3.35825,0.478143
5360000,2,0.285654,-772.032,1.9926,0.441
5370000,3,0.400029,-772.074,3.21707,0.4724
5380000,3,0.299034,-763.744,1.2482,0.397
5390000,4,5.1044,-769.414,0.410231,0.48725
5400000,3,5.47193,-770.2,1.34111,0.471
5410000,3,-2.56535,-766.928,1.47892,0.463
5420000,4,0.513763,-768.627,3.04626,0.499
5430000,2,2.44073,-772.48,1.03021,0.406
5440000,2,0.469286,-772.064,0.802342,0.459
5450000,3,-0.258208,-762.697,4.94554,0.441
5460000,5,-9.45337,-762.763,4.62744,0.4604
5470000,3,2.92262,-765.407,2.68674,0.482
5480000,3,3.87153,-768.834,0.821186,0.466
5490000,3,0.886724,-771.824,1.58799,0.466
5500000,4,-3.10686,-763.619,4.51646,0.446571
5510000,3,2.28435,-767.078,1.82252,0.4578
5520000,2,4.11095,-778.624,1.22584,0.491
5530000,5,4.73341,-764.954,4.74663,0.483
5540000,2,4.43446,-774.232,0.672592,0.4715
5550000,5,-2.04419,-767.288,2.37311,0.493
5560000,4,-0.013076,-763.031,2.48138,0.442
5570000,3,3.62915,-775.183,0.514884,0.462
5580000,4,4.72753,-768.869,2.53153,0.511
5590000,3,-5.24199,-769.821,1.71086,0.476
5600000,2,1.06755,-770.316,0.578972,0.421
5610000,2,2.12597,-770.727,1.25707,0.461
5620000,2,2.31567,-774.617,2.44063,0.4422
5630000,4,-0.152793,-765.551,3.52392,0.483
5640000,2,-2.08912,-774.213,1.7588,0.4548
5650000,3,-0.352167,-763.036,1.68302,0.457
5660000,3,1.97495,-762.85,1.86292,0.387
5670000,3,-0.0995616,-766.619,1.33065,0.464333
5680000,3,-0.327441,-766.351,1.05084,0.452
5690000,3,5.46988,-777.952,0.928754,0.475333
5700000,2,3.51333,-774.217,1.88106,0.462857
5710000,4,2.06473,-766.758,1.99693,0.439
5720000,3,2.30792,-777.439,1.69919,0.4365
5730000,2,-2.27738,-772.665,2.69627,0.44
5740000,2,-1.73224,-779.092,2.48856,0.439
5750000,3,-0.114775,-771.76,1.02176,0.439929
5760000,4,1.50512,-769.971,3.21306,0.458
5770000,4,-3.49894,-761.424,1.26875,0.452
5780000,3,2.684,-766.507,3.73036,0.473
5790000,8,0.348607,-768.481,4.68041,0.472111
5800000,3,1.4837,-774.718,0.523748,0.468
5810000,3,2.46353,-762.203,1.58196,0.439
5820000,6,-3.68818,-765.734,5.38273,0.439
5830000,1,2.2045,-789.331,0.907209,0.41
5840000,2,3.35681,-783.382,0.443382,0.448
5850000,3,2.80451,-771.43,1.48724,0.486
5860000,4,-4.13801,-772.31,3.44293,0.4395
5870000,4,1.51434,-769.933,2.88032,0.494
5880000,1,-0.369195,-787.953,3.12085,0.4565
5890000,3,-3.31303,-770.176,2.19196,0.448
5900000,4,-1.6925,-768.177,4.66505,0.456
5910000,4,2.56733,-773.875,2.69435,0.524
5920000,3,2.93893,-764.107,0.589481,0.453875
5930000,3,2.2335,-767.299,2.28422,0.483833
5940000,2,3.18187,-771.593,0.679829,0.456
5950000,2,-0.0353435,-782.717,1.0727,0.446
5960000,3,-1.01807,-778.64,0.751684,0.447
5970000,4,-4.19792,-765.54,2.84693,0.47
5980000,7,3.74979,-768.651,3.32096,0.4806
5990000,6,5.23785,-763.974,4.56989,0.493
6000000,4,-1.65532,-770.757,3.93143,0.453
6010000,4,3.49053,-765.097,0.826439,0.471111
6020000,3,-1.85148,-766.238,1.82036,0.5
6030000,3,0.263819,-770.204,3.41218,0.476
6040000,2,2.53816,-772.202,0.169232,0.438
6050000,5,1.52763,-785.133,3.48127,0.451
6060000,2,3.76645,-768.049,0.298729,0.433
6070000,3,2.52715,-771.669,2.29026,0.456437
6080000,2,3.25252,-774.95,2.12439,0.464714
6090000,4,3.00207,-766.117,1.39858,0.471
6100000,2,-2.27823,-767.934,1.87305,0.416
6110000,3,1.16828,-767.878,3.99202,0.448357
6120000,7,6.45988,-769.866,3.74298,0.475833
6130000,4,-2.50714,-763.028,2.61255,0.4785
6140000,5,4.64313,-769.615,3.46552,0.449
6150000,3,4.88064,-769.967,1.10395,0.466
6160000,3,-3.58506,-765.998,1.02051,0.446
6170000,2,2.45085,-766.742,0.764591,0.447
6180000,4,-0.707382,-766.553,0.766161,0.466
6190000,3,1.71901,-768.197,1.82197,0.466
6200000,5,1.41561,-766.752,4.24067,0.495
6210000,4,3.09221,-771.676,2.78294,0.45
6220000,3,-1.46037,-773.428,2.83099,0.436
6230000,2,2.03072,-773.643,0.770091,0.425
6240000,4,1.69766,-769.991,0.881159,0.472
6250000,3,-2.60699,-765.033,2.1702,0.466111
6260000,5,0.677975,-780.6,2.78216,0.48725
6270000,3,1.35069,-763.293,1.45657,0.463
6280000,4,3.07871,-771.083,1.17627,0.459154
6290000,3,3.04231,-768.063,2.03471,0.445536
6300000,4,-4.29547,-765.09,1.28128,0.4605
6310000,3,7.23261,-769.541,1.14866,0.4666
6320000,2,1.67209,-776.275,1.49247,0.45025
6330000,3,4.10759,-772.332,1.48085,0.479
6340000,3,0.0435993,-764.549,2.49842,0.4415
6350000,4,5.42294,-764.259,2.56112,0.457
6360000,4,-1.02075,-765.006,2.41822,0.502333
6370000,4,4.0167,-776.036,2.66512,0.4561
6380000,5,-5.06778,-761.244,4.13309,0.466923
6390000,2,3.50395,-773.738,0.899917,0.446
6400000,2,3.09888,-781.761,0.968392,0.4447
6410000,4,-0.535316,-769.128,4.06147,0.491
6420000,4,5.13415,-772.464,3.1867,0.431
6430000,3,-1.05083,-788.577,2.75703,0.461
6440000,3,-3.40094,-772.866,2.0528,0.467857
6450000,2,-1.43969,-765.847,1.08263,0.482
6460000,3,1.68536,-764.756,2.68341,0.458
6470000,4,-0.96916,-769.682,6.32768,0.464
6480000,3,0.501079,-772.96,3.44948,0.442
6490000,2,3.03436,-776.172,1.60733,0.431
6500000,3,3.66348,-767.346,2.38188,0.422
6510000,4,2.32311,-768.114,2.48626,0.475929
6520000,4,5.09065,-768.791,0.908593,0.478
6530000,2,0.149663,-777.863,0.710387,0.471
6540000,4,3.3369,-773.126,3.4748,0.434
6550000,3,2.64446,-768.737,3.5024,0.437
6560000,4,7.41153,-779.449,2.44308,0.4647
6570000,3,3.17739,-772.798,3.1111,0.463
6580000,4,5.15309,-769.029,1.48622,0.4842
6590000,3,1.63991,-766.378,1.34626,0.46375
6600000,2,3.16215,-768.691,0.586602,0.450455
6610000,3,4.72453,-780.977,1.1331,0.472
6620000,2,-0.0885689,-774.351,1.49461,0.47075
6630000,2,4.21786,-776.03,0.437242,0.443
6640000,4,1.82399,-776.667,3.22173,0.459
6650000,4,2.63408,-772.218,0.966955,0.470158
6660000,2,0.375817,-776.933,1.43392,0.434
6670000,2,2.6723,-775.537,0.248575,0.4625
6680000,2,2.37648,-771.37,1.1528,0.422
6690000,2,1.82453,-776.249,1.64354,0.438
6700000,3,4.33579,-766.034,2.2914,0.457
6710000,5,6.75608,-765.777,1.60075,0.481333
6720000,3,1.13317,-764.417,2.36198,0.514
6730000,2,-2.01132,-783.234,1.84871,0.4486
6740000,3,3.5052,-766.369,2.11009,0.449
6750000,2,-1.33189,-774.645,2.23857,0.4825
6760000,2,4.24378,-774.104,0.919213,0.451
6770000,3,5.67049,-793.917,1.85228,0.49
6780000,4,1.14476,-761.184,3.2555,0.477
6790000,3,-5.24781,-771.071,2.47703,0.461
6800000,2,-1.41325,-770.939,3.27867,0.495
6810000,3,3.1239,-768.272,0.801538,0.46875
6820000,4,1.54603,-766.16,2.24771,0.459273
6830000,3,2.30542,-769.685,2.09939,0.467
6840000,2,-1.18098,-766.676,0.270735,0.468524
6850000,3,2.66662,-772.738,2.17219,0.4635
6860000,2,5.13643,-774.761,0.696819,0.448
6870000,3,3.55861,-769.56,1.66455,0.464
6880000,2,-4.49393,-772.583,2.66009,0.465
6890000,5,5.30956,-765.522,1.89868,0.48175
6900000,2,-2.12377,-776.738,2.58616,0.4689
6910000,2,3.19315,-770.934,0.540284,0.455364
6920000,2,1.60461,-774.329,1.66665,0.444
6930000,4,4.00242,-766.144,3.41349,0.495
6940000,2,1.27037,-768.637,0.497775,0.471
6950000,2,0.591395,-771.723,2.03402,0.399
6960000,2,2.83204,-776.606,2.23475,0.443333
6970000,4,2.52763,-773.804,1.86839,0.455
6980000,4,2.84338,-762.549,1.80928,0.477
6990000,4,5.02503,-771.974,1.63954,0.44875
7000000,2,-7.61531,-770.681,2.49424,0.399
7010000,3,1.98771,-771.465,1.48826,0.461
7020000,2,-3.09273,-774.014,1.07437,0.437
7030000,3,-2.77398,-761.26,4.89084,0.446
7040000,4,2.81333,-762.096,2.06833,0.46
7050000,2,3.36573,-770.813,1.90751,0.487
7060000,2,-1.26831,-771.5,0.942852,0.4529
7070000,3,-0.739006,-773.361,0.996638,0.45875
7080000,2,4.34733,-773.144,0.436561,0.46475
7090000,4,2.21351,-769.149,1.91773,0.483
7100000,5,0.133862,-790.787,2.36064,0.537
7110000,3,-0.55859,-764.777,2.95617,0.454188
7120000,1,-4.14263,-783.415,0.57286,0.453
7130000,3,3.42621,-770.054,3.25771,0.476714
7140000,2,1.26211,-772.915,0.857669,0.471833
7150000,3,2.1215,-766.911,1.40571,0.418
7160000,4,2.97459,-763.6,1.84775,0.532
7170000,3,2.91012,-774.61,2.32422,0.455
7180000,2,0.0169869,-775.047,1.45644,0.482
7190000,3,-5.73676,-767.625,3.29637,0.460188
7200000,2,3.48228,-772.38,2.24483,0.455
7210000,2,3.28482,-773.994,0.110243,0.456
7220000,3,-2.13061,-774.854,1.98495,0.462
7230000,4,3.12124,-767.392,3.21639,0.471
7240000,2,2.77685,-772.661,1.12414,0.47
7250000,2,-1.86358,-779.144,3.41736,0.433
7260000,3,-11.8055,-768.552,2.12791,0.429889
7270000,3,1.84108,-769.816,2.21196,0.459
7280000,3,-1.56075,-763.398,1.73993,0.463
7290000,2,-0.273241,-776.842,3.14125,0.4445
7300000,4,-5.63251,-765.648,1.67317,0.456
7310000,3,-1.71256,-769.213,1.69995,0.435
7320000,5,1.6142,-767.803,4.13201,0.463444
7330000,2,3.28579,-772.425,0.948985,0.460731
7340000,3,1.33013,-766.403,1.50959,0.437
7350000,3,-1.11042,-769.763,3.88072,0.494
7360000,2,3.48004,-772.626,2.05778,0.455
7370000,3,-0.449121,-768.656,2.87273,0.413
7380000,2,1.86473,-778.087,2.9981,0.465
7390000,3,-1.68196,-765.62,1.9803,0.459
7400000,2,0.965332,-771.852,0.279849,0.459818
7410000,2,-7.16386,-767.553,1.23816,0.454
7420000,3,-6.63841,-764.085,2.5068,0.464
7430000,3,-2.64312,-769.262,1.49971,0.4755
7440000,3,-2.89236,-780.971,2.45579,0.446
7450000,4,5.25195,-767.292,2.29403,0.451
7460000,2,1.13855,-776.069,1.96543,0.473625
7470000,2,2.31416,-773.355,2.22776,0.452
7480000,3,-0.563521,-763.54,3.17615,0.451143
7490000,3,1.83763,-771.422,1.00623,0.463
7500000,2,4.10484,-769.235,0.207705,0.448
7510000,2,-0.144594,-779.452,2.23453,0.427
7520000,3,4.15651,-771.373,1.65755,0.475167
7530000,3,-0.518671,-764.488,1.789,0.427
7540000,3,0.620658,-768.072,0.922009,0.456308
7550000,5,4.8198,-774.096,1.95652,0.479667
7560000,5,3.80237,-765.635,3.59888,0.467
7570000,2,-0.0289591,-772.993,2.2099,0.4472
7580000,3,4.73471,-771.887,0.29997,0.458
7590000,2,1.82335,-779.166,2.80669,0.489
7600000,4,-2.28443,-765.755,3.48195,0.462455
7610000,4,-7.27269,-765.699,2.56617,0.476
7620000,2,-3.20136,-770.213,2.50584,0.481
7630000,2,-1.3846,-768.044,1.79476,0.404
7640000,7,4.00652,-772.296,1.77252,0.496429
7650000,3,0.0497637,-769.914,1.3174,0.460857
7660000,2,-2.83812,-768.702,0.813408,0.467
7670000,3,-4.17888,-787.422,1.79589,0.432111
7680000,3,-0.334409,-768.657,1.4477,0.441
7690000,3,0.114781,-766.612,2.84287,0.465333
7700000,2,1.38003,-778.645,1.90268,0.432
7710000,3,1.03294,-770.095,0.980862,0.42
7720000,2,-0.588311,-773.304,1.25649,0.470333
7730000,2,4.03858,-772.689,1.58528,0.495
7740000,4,2.5588,-764.407,1.20916,0.475
7750000,4,0.248742,-766.989,2.70424,0.474533
7760000,5,-1.46739,-764.204,3.89119,0.4895
7770000,4,3.01584,-767.25,3.1662,0.4585
7780000,1,2.31079,-784.946,0.776158,0.4496
7790000,2,-0.424398,-772.379,2.40485,0.462
7800000,3,1.49923,-764.454,0.984019,0.46
7810000,3,1.82738,-771.844,2.51588,0.45975
7820000,5,-2.92086,-774.967,6.38687,0.497
7830000,3,-0.571927,-770.609,2.10941,0.464
7840000,1,1.88027,-787.849,0.346527,0.434
7850000,2,1.45065,-776.06,0.601273,0.402
7860000,3,1.52283,-785.244,2.47318,0.495
7870000,3,-1.50167,-764.936,1.70897,0.464875
7880000,7,-9.5129,-766.279,4.89048,0.49
7890000,6,7.63156,-768.032,1.68953,0.4996
7900000,2,1.2791,-776.55,1.28658,0.470167
7910000,2,3.54019,-773.658,1.54377,0.451
7920000,2,3.65748,-784.069,1.30697,0.44625
7930000,2,3.57711,-774.81,0.957843,0.45025
7940000,3,-0.0417279,-773.543,2.29838,0.43975
7950000,5,5.0107,-766.97,1.77812,0.51
7960000,3,-3.5054,-775.268,5.42822,0.489
7970000,2,2.11844,-775.991,0.508517,0.485
7980000,2,-2.72492,-767.378,0.827274,0.388
7990000,2,1.44678,-775.102,1.23444,0.434
8000000,6,-0.420009,-767.919,4.53847,0.497
8010000,4,4.40045,-768.391,1.02967,0.5
8020000,1,1.73564,-785.834,1.07813,0.472364
8030000,3,-3.44786,-767.924,2.85816,0.489
8040000,2,2.85979,-773.577,0.630015,0.468286
8050000,3,0.944315,-776.362,4.35244,0.451
8060000,2,1.47217,-788.563,2.06946,0.4845
8070000,2,1.28344,-781.648,0.913728,0.471
8080000,3,0.207925,-767.427,2.66516,0.453632
8090000,3,4.49298,-776.184,1.01651,0.445
8100000,3,2.25787,-787.708,1.47735,0.487
8110000,4,-5.65063,-768.416,4.89555,0.467667
8120000,3,3.57436,-767.56,2.4361,0.491
8130000,1,1.9437,-789.732,1.00431,0.429
8140000,4,2.03432,-773.45,0.891814,0.469
8150000,3,-3.57908,-785.567,1.97295,0.43
8160000,3,4.97498,-778.687,1.85562,0.46
8170000,5,1.77307,-769.483,1.4073,0.475
8180000,4,-0.230502,-767.547,3.06923,0.511
8190000,3,-2.20141,-767.988,0.969093,0.462
8200000,4,0.601925,-773.403,4.69763,0.493833
8210000,3,1.06265,-764.794,2.89464,0.494
8220000,4,2.54898,-772.45,1.96416,0.453667
8230000,1,1.55815,-781.16,0.113393,0.460333
8240000,1,-0.976453,-782.776,1.27457,0.481
8250000,2,-0.565088,-777.209,2.22902,0.421
8260000,3,-0.819775,-769.722,3.93432,0.455833
8270000,3,-0.293148,-772.825,1.76518,0.421
8280000,3,-1.70561,-769.482,2.16891,0.4695
8290000,5,-5.15932,-763.207,2.62761,0.476
8300000,2,0.205751,-774.129,1.14843,0.46845
8310000,3,0.607148,-768.61,1.11403,0.455
8320000,3,3.95577,-769.038,1.77805,0.475
8330000,2,-0.496263,-769.061,2.39942,0.445
8340000,3,1.05034,-773.891,2.79781,0.471
8350000,2,2.37363,-770.123,1.28442,0.427333
8360000,2,-2.9457,-774.084,1.68504,0.4425
8370000,2,1.51877,-771.36,2.72867,0.462
8380000,3,1.18967,-768.984,3.24826,0.453
8390000,3,5.4127,-773.541,1.76603,0.448
8400000,2,-0.239051,-773.98,1.00725,0.433
8410000,3,2.01027,-770.875,1.95702,0.457
8420000,3,-2.44956,-776.334,2.12619,0.459333
8430000,3,5.29825,-776.347,2.28544,0.4695
8440000,4,4.46433,-772.432,3.67327,0.471
8450000,2,2.95419,-774.555,0.836162,0.479
8460000,3,-1.59777,-765.545,1.34344,0.4645
8470000,1,-3.22847,-780.826,0.665744,0.460857
8480000,2,-2.31092,-770.946,2.5506,0.485
8490000,2,2.55742,-777.57,1.22344,0.44
8500000,3,1.19948,-775.799,2.03744,0.483
8510000,3,3.85014,-775.961,0.931789,0.458
8520000,3,3.52121,-768.792,2.7042,0.4436
8530000,2,-5.82744,-766.14,0.810816,0.457
8540000,1,2.4893,-781.983,0.247831,0.469
8550000,3,3.389,-773.621,0.64621,0.44
8560000,1,1.59635,-782.546,0.462245,0.446
8570000,1,-0.529063,-783.616,1.47373,0.452
8580000,3,2.88344,-770.894,2.14879,0.439
8590000,2,1.16575,-774.338,0.706318,0.468
8600000,2,-1.35073,-775.609,1.56468,0.467
8610000,2,3.78538,-775.751,0.597317,0.454
8620000,5,-0.143135,-765.187,5.59061,0.502
8630000,4,-0.690607,-763.267,2.45018,0.49325
8640000,3,-1.9168,-769.261,3.19167,0.467667
8650000,4,2.40371,-763.754,3.05214,0.443
8660000,2,4.15835,-775.717,0.587854,0.447333
8670000,2,-0.868277,-769.574,1.48041,0.439
8680000,4,2.88974,-774.842,3.35065,0.485
8690000,2,1.06277,-778.159,0.465658,0.45
8700000,5,4.65508,-768.749,2.74959,0.472
8710000,3,2.14219,-769.323,2.02274,0.461
8720000,2,2.13619,-773.268,1.30481,0.4745
8730000,3,1.31739,-767.24,2.93311,0.478
8740000,3,1.8155,-771.897,1.4473,0.468
8750000,4,4.24378,-763.391,1.24757,0.505
8760000,4,-0.871318,-766.54,1.8226,0.456
8770000,5,3.19339,-766.634,0.812931,0.4756
8780000,2,4.23385,-771.119,0.364859,0.484333
8790000,2,5.25026,-777.544,0.494717,0.476
8800000,2,-0.33191,-771.122,1.33746,0.4715
8810000,3,1.3088,-773.611,1.8229,0.461
8820000,3,0.619771,-763.521,1.05363,0.424
8830000,3,2.03804,-769.752,1.97115,0.43
8840000,3,4.78658,-771.903,1.55076,0.446
8850000,2,-1.39829,-772.025,1.25916,0.47825
8860000,3,5.85185,-775.217,1.19194,0.458444
8870000,5,1.03993,-767.858,1.119,0.513
8880000,2,-0.427872,-768.306,1.50497,0.479
8890000,2,-0.0633323,-768.412,1.48852,0.441
8900000,3,-0.77059,-767.247,1.59331,0.44
8910000,2,-3.20093,-770.411,1.21185,0.4365
8920000,2,0.135688,-773.451,1.64347,0.468
8930000,3,4.62918,-767.47,0.785811,0.483
8940000,2,2.17938,-776.771,1.06438,0.444875
8950000,2,0.208188,-775.403,2.32064,0.43
8960000,2,-3.34574,-771.978,3.13369,0.465
8970000,2,4.78237,-776.535,0.519723,0.43
8980000,3,3.18615,-777.227,0.332488,0.511
8990000,4,6.12446,-767.7,1.1867,0.435667
9000000,3,1.70207,-772.92,2.49927,0.4254
9010000,2,0.464427,-775.329,0.986511,0.445
9020000,4,-1.27975,-765.924,2.16291,0.424
9030000,2,3.28387,-771.011,1.66144,0.46275
9040000,7,2.49001,-765.614,1.88603,0.495
9050000,2,-0.181638,-777.515,1.22083,0.483
9060000,3,2.91143,-775.823,1.87195,0.47425
9070000,3,4.7173,-776.68,2.29841,0.463
9080000,3,2.91109,-769.39,1.64997,0.45
9090000,2,1.01634,-774.291,1.09286,0.4616
9100000,2,2.45207,-775.51,2.60066,0.434
9110000,2,-4.00668,-765.358,1.08353,0.452
9120000,2,-0.0650815,-771.815,2.41838,0.44075
9130000,2,2.27251,-773.477,2.39262,0.445667
9140000,5,6.47282,-768.582,1.46155,0.488
9150000,4,-0.730338,-769.655,2.01757,0.412
9160000,3,-1.66769,-770.867,2.49899,0.4365
9170000,2,0.391978,-769.997,0.752406,0.438
9180000,2,3.26953,-775.463,2.4544,0.5
9190000,2,-3.35992,-769.003,1.23336,0.449
9200000,4,1.6418,-767.196,2.51148,0.42875
9210000,4,-3.06672,-767.276,3.19952,0.491333
9220000,2,1.07153,-775.469,1.01529,0.439
9230000,3,-0.77426,-765.219,1.69836,0.457
9240000,2,2.98359,-768.819,0.703746,0.436
9250000,2,-2.00316,-767.647,0.870446,0.433
9260000,4,3.07322,-774.406,0.811809,0.513
9270000,3,4.57585,-773.421,0.825397,0.473
9280000,2,-1.97394,-773.766,0.882589,0.443429
9290000,2,2.27695,-777.124,0.212346,0.49
9300000,2,0.126754,-777.779,1.05856,0.420667
9310000,4,3.32995,-771.328,3.93191,0.449
9320000,2,-1.01683,-771.915,0.449633,0.441
9330000,5,-0.570957,-770.083,5.06485,0.457
9340000,5,4.97539,-775.641,4.57223,0.475333
9350000,6,5.71419,-771.843,3.72853,0.493545
9360000,2,0.384785,-769.041,2.59073,0.4625
9370000,3,1.51412,-774.829,3.52956,0.423
9380000,2,2.35148,-776.553,0.576791,0.462
9390000,3,-3.75092,-768.262,0.394194,0.48675
9400000,3,-0.0606032,-768.264,0.685732,0.452
9410000,4,-6.48512,-768.899,2.92565,0.479
9420000,4,2.79055,-765.534,2.9987,0.464
9430000,3,-4.5345,-767.137,2.32943,0.439
9440000,4,4.55267,-771.957,2.1465,0.497
9450000,3,1.46902,-775.545,1.932,0.476167
9460000,5,6.96343,-764.909,1.92582,0.4955
9470000,6,-1.31468,-764.849,4.00512,0.554
9480000,2,0.995219,-770.118,1.05262,0.454
9490000,2,-2.88675,-779.184,1.70907,0.426
9500000,2,2.83091,-782.058,2.07502,0.485
9510000,2,-1.80223,-772.967,1.81267,0.4575
9520000,3,1.41492,-776.745,3.19315,0.494
9530000,2,3.65993,-774.891,0.195733,0.4552
9540000,5,6.20761,-777.211,3.07622,0.511
9550000,2,1.83769,-775.937,2.27096,0.450333
9560000,4,-0.503671,-764.326,3.66353,0.456692
9570000,3,0.80011,-765.804,2.08149,0.458167
9580000,2,2.09481,-768.14,1.94005,0.459
9590000,1,1.20398,-785.247,0.612918,0.4578
9600000,3,0.583602,-772.996,1.20908,0.48
9610000,1,2.50921,-782.624,0.83078,0.4798
9620000,2,2.04516,-774.641,1.87677,0.450667
9630000,3,4.00089,-771.871,1.37469,0.4744
9640000,2,-0.678279,-768.777,1.47157,0.476111
9650000,3,0.137512,-767.707,2.85432,0.44
9660000,2,-4.11762,-773.418,5.35352,0.427
9670000,2,-4.9132,-775.065,1.65232,0.435
9680000,2,0.0212878,-779.262,0.43672,0.457917
9690000,2,2.01972,-778.588,1.75933,0.454
9700000,2,-3.82517,-767.591,2.06325,0.436
9710000,2,0.565445,-768.706,0.632677,0.419
9720000,2,-1.57269,-770.938,2.48316,0.461
9730000,2,3.58252,-772.507,1.45407,0.454
9740000,2,-0.311132,-772.004,1.29851,0.43975
9750000,3,-1.1668,-775.423,3.08594,0.466625
9760000,3,1.15566,-772.977,1.73004,0.4577
9770000,3,-2.02061,-766.895,1.54956,0.453
9780000,3,-2.41217,-771.976,1.3616,0.44
9790000,4,5.88433,-772.94,1.03874,0.459077
9800000,2,0.359635,-768.501,0.208847,0.444
9810000,2,2.60577,-776.991,1.12928,0.464
9820000,3,2.407,-770.078,1.26879,0.477
9830000,3,1.41466,-770.739,1.26658,0.496
9840000,2,4.02334,-773.114,1.29503,0.4796
9850000,2,-0.372734,-765.419,0.613387,0.4355
9860000,3,-1.83328,-772.247,2.47654,0.444154
9870000,2,-4.36164,-772.004,4.20785,0.4716
9880000,2,-4.16696,-775.973,5.08726,0.4652
9890000,2,5.0328,-781.841,0.412533,0.454
9900000,2,2.03319,-772.827,1.07567,0.441
9910000,3,-2.69396,-772.615,5.94113,0.445
9920000,3,4.079,-770.46,1.54196,0.476
9930000,5,-1.87003,-772.587,2.00813,0.449
9940000,2,0.286001,-773.187,3.58867,0.43
9950000,2,-3.03949,-772.021,1.5624,0.459
9960000,2,-2.8649,-770.56,2.44741,0.415
9970000,2,2.48242,-772.198,1.06912,0.456625
9980000,3,4.5315,-774.647,0.560068,0.479
9990000,3,1.43514,-772.586,3.96631,0.456
